1
90
384
-0.754167 0 0.316667
-0.743366 0 0.273891
-0.736484 0 0.246671
-0.732681 0 0.231941
-0.730689 0 0.224339
-0.729671 0 0.220484
-0.728638 0 0.216594
-0.719844 0 0.184436
-0.715097 0 0.167819
-0.710121 0 0.150971
-0.704916 0 0.13399
-0.699485 0 0.116973
-0.693831 0 0.100017
-0.690921 0 0.0915915
-0.689445 0 0.0873974
-0.687956 0 0.0832176
-0.662283 0 0.0195295
-0.658835 0 0.0121628
-0.655334 0 0.00496867
-0.651781 0 -0.00204092
-0.649985 0 -0.00547278
-0.648176 0 -0.00885397
-0.646354 0 -0.0121829
-0.644519 0 -0.0154582
-0.642672 0 -0.0186783
-0.640812 0 -0.0218416
-0.638939 0 -0.0249467
-0.637053 0 -0.0279921
-0.635155 0 -0.0309762
-0.633244 0 -0.0338976
-0.625474 0 -0.044925
-0.623501 0 -0.0475097
-0.621515 0 -0.0500227
-0.619516 0 -0.0524623
-0.617505 0 -0.054827
-0.615482 0 -0.0571153
-0.613447 0 -0.0593257
-0.611399 0 -0.0614567
-0.609339 0 -0.0635068
-0.607267 0 -0.0654745
-0.605183 0 -0.0673582
-0.603086 0 -0.0691564
-0.600978 0 -0.0708677
-0.598857 0 -0.0724905
-0.596725 0 -0.0740233
-0.59458 0 -0.0754645
-0.592423 0 -0.0768128
-0.588075 0 -0.0792242
-0.583678 0 -0.0812453
-0.579235 0 -0.082864
-0.574745 0 -0.0840684
-0.570208 0 -0.0848461
-0.565625 0 -0.0851852
-0.560953 0 -0.0850876
-0.556151 0 -0.0845707
-0.553702 0 -0.0841585
-0.551223 0 -0.0836457
-0.548713 0 -0.0830337
-0.546173 0 -0.0823238
-0.543604 0 -0.0815174
-0.541005 0 -0.080616
-0.538378 0 -0.0796209
-0.535723 0 -0.0785335
-0.53304 0 -0.0773553
-0.53033 0 -0.0760876
-0.527593 0 -0.0747317
-0.52483 0 -0.0732892
-0.522041 0 -0.0717614
-0.519228 0 -0.0701496
-0.516389 0 -0.0684554
-0.513526 0 -0.06668
-0.510639 0 -0.0648248
-0.507729 0 -0.0628913
-0.504796 0 -0.0608809
-0.501841 0 -0.0587949
-0.498863 0 -0.0566348
-0.495865 0 -0.0544019
-0.492845 0 -0.0520976
-0.489805 0 -0.0497234
-0.47745 0 -0.0395544
-0.474314 0 -0.0368511
-0.471162 0 -0.0340863
-0.464805 0 -0.0283772
-0.458384 0 -0.0224384
-0.451902 0 -0.016281
-0.445363 0 -0.00991616
-0.438771 0 -0.00335497
-0.425443 0 0.0103118
-0.418714 0 0.017395
-0.411947 0 0.02463
-0.398316 0 0.0395105
-0.38458 0 0.0548642
-0.377681 0 0.0626906
-0.374226 0 0.0666363
-0.372498 0 0.0686167
-0.370768 0 0.0706018
-0.369038 0 0.0725916
-0.367307 0 0.0745858
-0.363844 0 0.0785867
-0.356913 0 0.0866342
-0.343043 0 0.102872
-0.315386 0 0.135608
-0.288042 0 0.168097
-0.274563 0 0.184025
-0.267886 0 0.191871
-0.264564 0 0.19576
-0.262908 0 0.197695
-0.261255 0 0.199624
-0.235271 0 0.229476
-0.222656 0 0.243552
-0.216457 0 0.250338
-0.210334 0 0.256941
-0.198335 0 0.269554
-0.192467 0 0.275543
-0.18669 0 0.281304
-0.18101 0 0.286826
-0.175429 0 0.292099
-0.169953 0 0.297111
-0.167254 0 0.299516
-0.164583 0 0.301852
-0.159273 0 0.306516
-0.15397 0 0.311304
-0.148677 0 0.316205
-0.143393 0 0.321212
-0.138121 0 0.326317
-0.132861 0 0.331511
-0.122382 0 0.342135
-0.117165 0 0.347548
-0.111964 0 0.353018
-0.101617 0 0.364093
-0.0811686 0 0.38656
-0.0786382 0 0.389377
-0.0761139 0 0.392194
-0.0710843 0 0.397818
-0.0611046 0 0.409006
-0.0414937 0 0.430905
-0.0224047 0 0.451728
-0.0130774 0 0.461572
-0.00847176 0 0.466323
-0.00618394 0 0.468652
-0.00390626 0 0.470949
-0.00163887 0 0.473213
0.000618041 0 0.475442
0.00510009 0 0.479794
0.00953877 0 0.483996
0.013933 0 0.48804
0.0182818 0 0.491918
0.0204388 0 0.493792
0.022584 0 0.495621
0.0247174 0 0.497405
0.0268386 0 0.499142
0.0289477 0 0.500831
0.0310445 0 0.502472
0.0352006 0 0.505603
0.0372596 0 0.507091
0.0393058 0 0.508527
0.0433591 0 0.511235
0.0473595 0 0.513719
0.0513057 0 0.515971
0.0551968 0 0.517983
0.0590317 0 0.519746
0.0628092 0 0.521253
0.0665284 0 0.522494
0.0701882 0 0.523462
0.0737875 0 0.524149
0.0773252 0 0.524546
0.0808002 0 0.524645
0.0842115 0 0.524437
0.087558 0 0.523915
0.0908386 0 0.52307
0.0940523 0 0.521895
0.0971979 0 0.52038
0.100274 0 0.518517
0.103281 0 0.516299
0.106216 0 0.513717
0.109079 0 0.510762
0.111868 0 0.507427
0.114583 0 0.503704
0.117209 0 0.499513
0.118483 0 0.497217
0.119732 0 0.494791
0.120956 0 0.492236
0.122155 0 0.489554
0.12333 0 0.486748
0.124481 0 0.483818
0.125608 0 0.480766
0.126712 0 0.477596
0.127792 0 0.474308
0.12885 0 0.470905
0.129885 0 0.467388
0.130898 0 0.463759
0.132858 0 0.456174
0.133806 0 0.452222
0.134733 0 0.448165
0.13564 0 0.444007
0.136526 0 0.439748
0.138238 0 0.430937
0.139872 0 0.421747
0.141431 0 0.412195
0.142917 0 0.402294
0.145679 0 0.38151
0.146005 0 0.378825
0.146327 0 0.376121
0.14696 0 0.370658
0.148178 0 0.359518
0.150434 0 0.336438
0.152467 0 0.312393
0.154296 0 0.287504
0.15594 0 0.261893
0.157419 0 0.235681
0.158753 0 0.208991
0.159371 0 0.195505
0.15967 0 0.188733
0.159816 0 0.185341
0.159961 0 0.181944
0.160104 0 0.178545
0.160246 0 0.175141
0.160524 0 0.168325
0.161063 0 0.154663
0.162077 0 0.127267
0.163925 0 0.0726237
0.16744 0 -0.0326678
0.171756 0 -0.126139
0.173107 0 -0.146747
0.174606 0 -0.166008
0.176272 0 -0.183799
0.177174 0 -0.192106
0.178125 0 -0.2
0.179952 0 -0.21525
0.181545 0 -0.23026
0.182926 0 -0.245012
0.18412 0 -0.259487
0.187508 0 -0.314265
0.189835 0 -0.363184
0.191082 0 -0.385086
0.191811 0 -0.395335
0.192213 0 -0.400277
0.192643 0 -0.405093
0.197478 0 -0.438842
0.198302 0 -0.44243
0.199185 0 -0.445869
0.200129 0 -0.449159
0.201138 0 -0.452297
0.202215 0 -0.45528
0.203363 0 -0.458107
0.204585 0 -0.460775
0.205884 0 -0.463281
0.207262 0 -0.465624
0.208724 0 -0.467802
0.211908 0 -0.47165
0.21546 0 -0.474809
0.219404 0 -0.477261
0.223764 0 -0.478986
0.228565 0 -0.479968
0.231138 0 -0.480175
0.23383 0 -0.480189
0.236644 0 -0.480008
0.239583 0 -0.47963
0.242677 0 -0.479008
0.24595 0 -0.478102
0.249395 0 -0.476919
0.253008 0 -0.475464
0.256782 0 -0.473745
0.260712 0 -0.471767
0.264793 0 -0.469538
0.269018 0 -0.467065
0.271183 0 -0.465738
0.273382 0 -0.464352
0.275614 0 -0.462909
0.277879 0 -0.461408
0.280176 0 -0.459851
0.282504 0 -0.458238
0.287251 0 -0.454849
0.292115 0 -0.451248
0.29709 0 -0.447441
0.307349 0 -0.439236
0.309974 0 -0.437066
0.312622 0 -0.434851
0.317983 0 -0.430286
0.323427 0 -0.425548
0.328948 0 -0.420643
0.334541 0 -0.415577
0.340199 0 -0.410359
0.35169 0 -0.399486
0.363376 0 -0.388078
0.375212 0 -0.376185
0.387153 0 -0.363861
0.399154 0 -0.351157
0.405162 0 -0.34468
0.411169 0 -0.338126
0.423155 0 -0.32482
0.435064 0 -0.311291
0.446854 0 -0.297591
0.458477 0 -0.283773
0.46989 0 -0.269888
0.481047 0 -0.25599
0.491903 0 -0.24213
0.502412 0 -0.22836
0.512531 0 -0.214733
0.522213 0 -0.2013
0.531414 0 -0.188115
0.540088 0 -0.175229
0.544213 0 -0.168915
0.54819 0 -0.162694
0.552013 0 -0.156575
0.555676 0 -0.150564
0.559174 0 -0.144666
0.5625 0 -0.138889
0.564103 0 -0.136003
0.565675 0 -0.133059
0.567216 0 -0.13006
0.568725 0 -0.127006
0.570204 0 -0.123899
0.571653 0 -0.12074
0.573072 0 -0.11753
0.574462 0 -0.114271
0.575824 0 -0.110964
0.577157 0 -0.10761
0.578462 0 -0.104211
0.579739 0 -0.100767
0.58099 0 -0.0972809
0.582213 0 -0.093753
0.584583 0 -0.0865777
0.585729 0 -0.0829329
0.58685 0 -0.0792518
0.589019 0 -0.0717855
0.591094 0 -0.0641894
0.593077 0 -0.0564738
0.594972 0 -0.048649
0.596783 0 -0.0407255
0.600163 0 -0.0246238
0.61875 0 0.106944
0.632129 0 0.213281
0.634126 0 0.222681
0.635183 0 0.226958
0.636285 0 0.230938
0.637434 0 0.234613
0.638634 0 0.237971
0.639887 0 0.241002
0.641199 0 0.243696
0.642571 0 0.246042
0.644008 0 0.248029
0.647087 0 0.250888
0.650464 0 0.25219
0.654167 0 0.251852
0.658178 0 0.249775
0.660284 0 0.248085
0.662452 0 0.245977
0.664681 0 0.243461
0.666968 0 0.24055
0.669309 0 0.237254
0.671704 0 0.233585
0.674149 0 0.229554
0.675389 0 0.227407
0.676641 0 0.225173
0.677904 0 0.222855
0.679178 0 0.220453
0.680463 0 0.21797
0.681758 0 0.215406
0.683062 0 0.212764
0.684377 0 0.210043
0.687033 0 0.204376
0.692448 0 0.192173
0.693821 0 0.18895
0.695201 0 0.185661
0.69798 0 0.178889
0.70361 0 0.164616
0.709317 0 0.149444
0.71508 0 0.133465
0.720878 0 0.116771
0.726692 0 0.0994532
0.738281 0 0.0633102
0.73972 0 0.0586789
0.741156 0 0.0540272
0.744016 0 0.0446681
0.749684 0 0.0257675
0.760734 0 -0.0124439
0.771268 0 -0.0505929
0.78112 0 -0.0879485
0.790125 0 -0.12378
0.79812 0 -0.157355
0.804939 0 -0.187944
0.807856 0 -0.20189
0.810417 0 -0.214815
