1
90
40
-0.2075 0 0.7625
-0.257637 0 0.764531
-0.322031 0 0.76375
-0.389785 0 0.759219
-0.45 0 0.75
-0.50127 0 0.736465
-0.548906 0 0.718906
-0.63 0 0.6675
-0.683906 0 0.6025
-0.705645 0 0.557227
-0.73 0 0.4925
-0.75873 0 0.403027
-0.773879 0 0.350549
-0.789219 0 0.294219
-0.8045 0 0.235017
-0.819473 0 0.173926
-0.833889 0 0.111926
-0.8475 0 0.05
-0.861506 0 -0.0161377
-0.87666 0 -0.0892578
-0.892039 0 -0.166108
-0.906719 0 -0.243438
-0.919778 0 -0.317993
-0.930293 0 -0.386523
-0.937341 0 -0.445776
-0.94 0 -0.4925
-0.916563 0 -0.565938
-0.85 0 -0.58
-0.799121 0 -0.599805
-0.736094 0 -0.619062
-0.666895 0 -0.635664
-0.5975 0 -0.6475
-0.527266 0 -0.653281
-0.45375 0 -0.654375
-0.380234 0 -0.652656
-0.31 0 -0.65
-0.239492 0 -0.646016
-0.168438 0 -0.64
-0.105039 0 -0.633359
-0.0575 0 -0.6275
